_viz_0 = nengo_gui.components.Slider(stim_food)
_viz_config[_viz_0].max_value = 1
_viz_config[_viz_0].min_value = -1
_viz_config[_viz_0].x = 0.6357984560833807
_viz_config[_viz_0].y = 1.1271250270253073
_viz_config[_viz_0].width = 0.11456265707024099
_viz_config[_viz_0].height = 0.29484519195972714
_viz_config[_viz_0].label_visible = True
_viz_1 = nengo_gui.components.Slider(stim_light)
_viz_config[_viz_1].max_value = 1
_viz_config[_viz_1].min_value = -1
_viz_config[_viz_1].x = 0.5229702094069643
_viz_config[_viz_1].y = -0.35422085416075544
_viz_config[_viz_1].width = 0.16243474719999837
_viz_config[_viz_1].height = 0.2884355324112121
_viz_config[_viz_1].label_visible = True
_viz_2 = nengo_gui.components.XYValue(position)
_viz_config[_viz_2].max_value = 1
_viz_config[_viz_2].min_value = -1
_viz_config[_viz_2].index_x = 0
_viz_config[_viz_2].index_y = 1
_viz_config[_viz_2].x = 1.992661056330079
_viz_config[_viz_2].y = 1.3642067579596981
_viz_config[_viz_2].width = 0.35649160850167994
_viz_config[_viz_2].height = 0.3789722479198629
_viz_config[_viz_2].label_visible = True
_viz_3 = nengo_gui.components.XYValue(motor)
_viz_config[_viz_3].max_value = 1
_viz_config[_viz_3].min_value = -1
_viz_config[_viz_3].index_x = 0
_viz_config[_viz_3].index_y = 1
_viz_config[_viz_3].x = 2.0925668173400354
_viz_config[_viz_3].y = -0.27739836315477684
_viz_config[_viz_3].width = 0.39441121217814845
_viz_config[_viz_3].height = 0.4214363022572744
_viz_config[_viz_3].label_visible = True
_viz_net_graph = nengo_gui.components.NetGraph()
_viz_progress = nengo_gui.components.Progress()
_viz_config[_viz_progress].x = 0
_viz_config[_viz_progress].y = 0
_viz_config[_viz_progress].width = 100
_viz_config[_viz_progress].height = 100
_viz_config[_viz_progress].label_visible = True
_viz_sim_control = nengo_gui.components.SimControl()
_viz_config[_viz_sim_control].shown_time = 0.5
_viz_config[_viz_sim_control].kept_time = 4.0
_viz_config[do_food].pos=(1.5068690398460283, 0.37284662201229024)
_viz_config[do_food].size=(0.126832610827396, 0.18517561180799819)
_viz_config[do_home].pos=(1.518119858569649, 0.879951301315583)
_viz_config[do_home].size=(0.167670654288415, 0.1881104676769206)
_viz_config[food].pos=(1.050948727288963, 0.8530722790217982)
_viz_config[food].size=(0.126832610827396, 0.18517561180799819)
_viz_config[light].pos=(1.030955808777275, 0.233877989467991)
_viz_config[light].size=(0.126832610827396, 0.18517561180799819)
_viz_config[model].pos=(-0.033974277414690425, 0.7758540333252336)
_viz_config[model].size=(0.3927475762989836, 0.3927475762989836)
_viz_config[model].expanded=True
_viz_config[model].has_layout=True
_viz_config[motor].pos=(2.0384762826071725, 0.2767174941249772)
_viz_config[motor].size=(0.126832610827396, 0.18517561180799819)
_viz_config[position].pos=(2.218693574925047, 0.8617213967516929)
_viz_config[position].size=(0.1, 0.1)
_viz_config[stim_food].pos=(0.5618442854927377, 0.8851152409763554)
_viz_config[stim_food].size=(0.1014660886619168, 0.14814048944639854)
_viz_config[stim_light].pos=(0.5618442854927377, -0.22593842987163348)
_viz_config[stim_light].size=(0.1014660886619168, 0.14814048944639854)