_viz_0 = nengo_gui.components.Value(wta.relu)
_viz_config[_viz_0].max_value = 1
_viz_config[_viz_0].min_value = -1
_viz_config[_viz_0].show_legend = False
_viz_config[_viz_0].legend_labels = ['label_0', 'label_1', 'label_2', 'label_3']
_viz_config[_viz_0].synapse = 0.01
_viz_config[_viz_0].x = 0.24235968370934566
_viz_config[_viz_0].y = 0.7698138379614983
_viz_config[_viz_0].width = 0.22525251561945134
_viz_config[_viz_0].height = 0.18674139883003982
_viz_config[_viz_0].label_visible = True
_viz_1 = nengo_gui.components.Slider(stim)
_viz_config[_viz_1].max_value = 1
_viz_config[_viz_1].min_value = -1
_viz_config[_viz_1].x = 0.24032310743594018
_viz_config[_viz_1].y = 0.1972190059373358
_viz_config[_viz_1].width = 0.194949501210993
_viz_config[_viz_1].height = 0.17771552590762868
_viz_config[_viz_1].label_visible = True
_viz_net_graph = nengo_gui.components.NetGraph()
_viz_progress = nengo_gui.components.Progress()
_viz_config[_viz_progress].x = 0
_viz_config[_viz_progress].y = 0
_viz_config[_viz_progress].width = 100
_viz_config[_viz_progress].height = 100
_viz_config[_viz_progress].label_visible = True
_viz_sim_control = nengo_gui.components.SimControl()
_viz_config[_viz_sim_control].shown_time = 0.5
_viz_config[_viz_sim_control].kept_time = 4.0
_viz_config[model].pos=(0, 0)
_viz_config[model].size=(1.0, 1.0)
_viz_config[model].expanded=True
_viz_config[model].has_layout=True
_viz_config[stim].pos=(0.1511627906976744, 0.5)
_viz_config[stim].size=(0.09302325581395349, 0.08)
_viz_config[wta].pos=(0.7093023255813954, 0.5)
_viz_config[wta].size=(0.23255813953488372, 0.4)
_viz_config[wta].expanded=True
_viz_config[wta].has_layout=True
_viz_config[wta.ea_ensembles[0]].pos=(0.49999999999999994, 0.09090909090909091)
_viz_config[wta.ea_ensembles[0]].size=(0.09803921568627451, 0.04545454545454545)
_viz_config[wta.ea_ensembles[1]].pos=(0.49999999999999994, 0.36363636363636365)
_viz_config[wta.ea_ensembles[1]].size=(0.09803921568627451, 0.04545454545454545)
_viz_config[wta.ea_ensembles[2]].pos=(0.49999999999999994, 0.6363636363636362)
_viz_config[wta.ea_ensembles[2]].size=(0.09803921568627451, 0.04545454545454545)
_viz_config[wta.ea_ensembles[3]].pos=(0.49999999999999994, 0.9090909090909091)
_viz_config[wta.ea_ensembles[3]].size=(0.09803921568627451, 0.04545454545454545)
_viz_config[wta.input].pos=(0.12745098039215685, 0.5)
_viz_config[wta.input].size=(0.07843137254901959, 0.03636363636363636)
_viz_config[wta.output].pos=(0.872549019607843, 0.36363636363636365)
_viz_config[wta.output].size=(0.07843137254901959, 0.03636363636363636)
_viz_config[wta.relu].pos=(0.872549019607843, 0.6363636363636362)
_viz_config[wta.relu].size=(0.07843137254901959, 0.03636363636363636)